0 0.11848958333333333 0.6314814814814815 0.025520833333333333 0.05
0 0.165625 0.7138888888888889 0.020833333333333332 0.044444444444444446
0 0.14635416666666667 0.27083333333333337 0.021875 0.04166666666666667
0 0.2984375 0.4828703703703704 0.01875 0.03796296296296296
0 0.22083333333333333 0.22083333333333335 0.019791666666666666 0.04166666666666667
0 0.278125 0.27083333333333337 0.022916666666666665 0.04351851851851852
0 0.3138020833333333 0.24537037037037038 0.019270833333333334 0.03888888888888889
0 0.4200520833333333 0.047685185185185185 0.013020833333333334 0.028703703703703703
0 0.6744791666666666 0.11342592592592593 0.016666666666666666 0.028703703703703703
0 0.7705729166666666 0.07777777777777778 0.015104166666666667 0.031481481481481485
0 0.74296875 0.15787037037037038 0.01614583333333333 0.032407407407407406
0 0.8760416666666666 0.014814814814814815 0.013541666666666667 0.02962962962962963
