0 0.1485 0.8416370106761566 0.117 0.21352313167259784
0 0.0635 0.5871886120996441 0.10300000000000001 0.1387900355871886
0 0.274 0.41192170818505336 0.094 0.17259786476868327
0 0.3575 0.36209964412811385 0.065 0.13345195729537365
0 0.582 0.2793594306049822 0.062 0.11387900355871886
0 0.21 0.18327402135231316 0.054 0.099644128113879
0 0.0725 0.19750889679715303 0.037 0.07473309608540925
0 0.47800000000000004 0.12188612099644128 0.038 0.07295373665480427
0 0.654 0.1681494661921708 0.044 0.07651245551601422
0 0.625 0.2695729537366548 0.026000000000000002 0.09430604982206406
0 0.6975 0.0596085409252669 0.021 0.04448398576512455
0 0.9545 0.3185053380782918 0.025 0.099644128113879
0 0.8260000000000001 0.08718861209964412 0.03 0.08185053380782918
