0 0.139 0.28890489913544665 0.024 0.03314121037463977
0 0.11225 0.5698847262247838 0.0275 0.040345821325648415
0 0.1595 0.6322046109510085 0.023 0.039625360230547545
0 0.21225 0.24927953890489912 0.0175 0.024495677233429394
0 0.2655 0.2903458213256484 0.021 0.02881844380403458
0 0.28375 0.4513688760806916 0.0175 0.029538904899135444
0 0.40075 0.11707492795389048 0.0135 0.023775216138328528
0 0.34500000000000003 0.24063400576368874 0.02 0.030259365994236308
0 0.3 0.27053314121037464 0.017 0.028097982708933714
0 0.676 0.13832853025936598 0.013000000000000001 0.023054755043227664
0 0.7365 0.14229106628242075 0.015 0.025216138328530258
0 0.6445 0.1685878962536023 0.017 0.021613832853025934
0 0.838 0.09221902017291066 0.014 0.021613832853025934
0 0.9570000000000001 0.030259365994236308 0.012 0.020172910662824207
0 0.99325 0.07132564841498559 0.0125 0.020172910662824207
